000000
000002
000003
000004
000005
000006
000007
000008
000009
000010
000011
000012
000013
000014
000015
000016
000017
000018
000019
000020
000021
000023
000024
000025
000026
000027
000028
000030
000032
000036
000038
000039
000040
000041
000042
000043
000046
000047
000048
000049
000050
000052
000057
000058
000059
000060
000061
000062
000063
000064
000065
000070
000072
000074
000075
000076
000077
000078
000079
000081
000082
000083
000084
000085
000086
000087
000088
000089
000090
000091
000092
000093
000094
000095
000096
000097
000099
000100
000101
000102
000103
000104
000105
000107
000108
000109
000110
000112
000113
000115
000116
000117
000118
000120
000121
000123
000124
000125
000126
000127
000128
000129
000131
000132
000133
000134
000137
000141
000142
000143
000145
000146
000147
000148
000149
000150
000151
000153
000154
000155
000156
000157
000158
000159
000160
000162
000164
000166
000167
000168
000169
000170
000171
000172
000173
000175
000177
000178
000180
000182
000183
000184
000188
000189
000191
000193
000194
000195
000196
000197
000198
000199
000200
000203
000204
000205
000206
000207
000208
000209
000210
000212
000213
000214
000215
000216
000218
000220
000222
000223
000224
000225
000227
000229
000230
000231
000232
000233
000234
000235
000236
000237
000239
000240
000241
000243
000244
000247
000251
000252
000253
000255
000256
000257
000258
000260
000261
000262
000263
000264
000265
000266
000267
000269
000270
000271
000272
000275
000276
000277
000278
000279
000282
000283
000284
000287
000289
000290
000293
000295
000297
000299
000301
000303
000304
000306
000308
000309
000312
000313
000314
000316
000317
000318
000321
000323
000324
000326
000327
000329
000330
000332
000333
000334
000335
000337
000339
000341
000342
000343
000344
000345
000346
000347
000348
000349
000352
000353
000354
000356
000357
000358
000360
000361
000363
000364
000365
000367
000368
000369
000370
000371
000372
000373
000374
000375
000377
000379
000380
000382
000383
000385
000386
000387
000388
000389
000390
000391
000392
000393
000395
000396
000398
000399
000400
000401
000402
000403
000404
000405
000406
000407
000408
000410
000411
000412
000413
000414
000415
000416
000418
000419
000420
000421
000422
000423
000424
000425
000426
000427
000428
000429
000430
000431
000432
000433
000434
000436
000437
000438
000439
000442
000443
000445
000446
000447
000448
000449
000451
000452
000453
000454
000455
000456
000457
000459
000460
000461
000464
000465
000467
000468
000471
000472
000473
000474
000475
000476
000477
000479
000481
000482
000483
000484
000485
000487
000488
000490
000491
000492
000493
000494
000495
000496
000498
000500
000501
000503
000504
000506
000508
000509
000510
000512
000513
000514
000515
000516
000517
000520
000521
000522
000523
000524
000525
000526
000527
000529
000530
000531
000532
000533
000534
000535
000536
000537
000540
000542
000543
000544
